21 0.116600 0.113600
22 0.113600 0.117712
23 0.118395 0.118705
0 0.118700 0.119485
1 0.119210 0.116305
2 0.116630 0.118000
3 0.117833 0.119010
4 0.119010 0.116611
5 0.116611 0.117000
6 0.117000 0.115531
7 0.115350 0.119100
8 0.119100 0.126400
9 0.126480 0.130300
10 0.130000 0.126010
11 0.127000 0.125750
12 0.125750 0.121043
13 0.121043 0.122005
14 0.122138 0.125255
15 0.125255 0.124000
16 0.123892 0.122400
17 0.122400 0.122599
18 0.122599 0.121900
19 0.121900 0.122388
20 0.122388 0.123200
21 0.123200 0.124356
22 0.124300 0.125050
23 0.125425 0.126344
0 0.126344 0.127526
1 0.127526 0.125400
2 0.125914 0.124740
3 0.124790 0.123983
4 0.123983 0.127223
5 0.127223 0.126272
6 0.125893 0.127100
7 0.127100 0.129887
8 0.129887 0.129929
9 0.129929 0.129468
10 0.129468 0.128876
11 0.129000 0.128106
12 0.128101 0.127624
13 0.127624 0.128480
14 0.128480 0.127000
15 0.127000 0.126500
16 0.126500 0.126000
17 0.126000 0.125200
18 0.125195 0.124445
19 0.124440 0.123700
20 0.123705 0.125995
21 0.126000 0.125500
22 0.125500 0.125570
23 0.125005 0.125600
0 0.125600 0.124801
1 0.125160 0.125010
2 0.124950 0.125461
3 0.125461 0.125700
4 0.125700 0.126466
5 0.126466 0.126390
6 0.126380 0.125710
7 0.125710 0.125215
8 0.125500 0.125495
9 0.125495 0.125110
10 0.125395 0.125271
11 0.125271 0.125300
12 0.125300 0.125305
13 0.126095 0.124110
14 0.124230 0.126300
15 0.126200 0.128650
16 0.128664 0.133800
17 0.133800 0.129603
18 0.129603 0.133646
19 0.133646 0.131240
20 0.131240 0.131000
21 0.130560 0.130100
22 0.130200 0.130400
23 0.130400 0.128244
0 0.127808 0.125370
1 0.125500 0.127485
2 0.127288 0.129345
3 0.128989 0.128701
4 0.128255 0.128540
5 0.128540 0.128705
6 0.128705 0.128034
7 0.127634 0.127527
8 0.127900 0.127007
9 0.127007 0.127295
10 0.127295 0.126105
11 0.126126 0.127655
12 0.127655 0.127700
13 0.127664 0.127800
14 0.127664 0.126525
15 0.126800 0.127385
16 0.126335 0.127314
17 0.127950 0.127500
18 0.127150 0.127695
19 0.127695 0.127000
20 0.127000 0.127307
21 0.127500 0.127000
22 0.127000 0.126689
23 0.127100 0.126000
0 0.126000 0.126521
1 0.126516 0.126107
2 0.126500 0.127020
3 0.127011 0.127670
4 0.127970 0.127610
5 0.127610 0.126960
6 0.127905 0.127770
7 0.127730 0.128000
8 0.128000 0.127250
9 0.127250 0.127200
10 0.127895 0.127200
11 0.127200 0.126050
12 0.126080 0.126500
13 0.126500 0.127304
14 0.127304 0.131460
15 0.131440 0.132999
16 0.133000 0.133005
17 0.133005 0.137300
18 0.137300 0.134220
19 0.134220 0.131694
20 0.131694 0.132500
21 0.132500 0.129936
22 0.130383 0.130005
23 0.130000 0.132209
0 0.132209 0.132500
1 0.132500 0.130783
2 0.131000 0.133793
3 0.133890 0.130650
4 0.130500 0.131785
5 0.131050 0.131780
6 0.131221 0.130563
7 0.130350 0.129989
8 0.129989 0.126185
9 0.126434 0.127650
10 0.127663 0.127600
11 0.127995 0.127320
12 0.127319 0.123000
13 0.123000 0.124805
14 0.124805 0.125656
15 0.125656 0.122223
16 0.122223 0.122900
17 0.122900 0.122175
18 0.122175 0.125180
19 0.124848 0.124000
20 0.123835 0.123924
21 0.123924 0.124000
22 0.123530 0.123650
23 0.123650 0.123155
0 0.123155 0.123420
1 0.123420 0.119500
2 0.118770 0.120000
3 0.120000 0.121220
4 0.121220 0.120000
5 0.120709 0.118300
6 0.119409 0.123926
7 0.123926 0.125580
8 0.125580 0.124000
9 0.124000 0.124500
10 0.124500 0.122606
11 0.122606 0.124490
12 0.124937 0.125610
13 0.125610 0.125640
14 0.125640 0.124710
15 0.124710 0.124000
16 0.124000 0.124200
17 0.124200 0.124800
18 0.124800 0.125045
19 0.125055 0.125035
20 0.125065 0.125298
21 0.125298 0.124510
22 0.124505 0.124600
23 0.124510 0.124500
0 0.124500 0.124496
1 0.124496 0.124604
2 0.125010 0.125091
3 0.125101 0.124991
4 0.124926 0.124050
5 0.124050 0.124293
6 0.123770 0.125000
7 0.124900 0.123778
8 0.124595 0.123756
9 0.123756 0.124001
10 0.124100 0.129880
11 0.129030 0.134216
12 0.134216 0.135988
13 0.135000 0.136200
14 0.136087 0.137200
15 0.137319 0.142800
16 0.142800 0.140001
17 0.140180 0.140360
18 0.140300 0.141100
19 0.141155 0.140640
20 0.140640 0.141000
21 0.141000 0.143008
22 0.143300 0.142153
23 0.142498 0.141000
0 0.140600 0.138135
1 0.138190 0.137300
2 0.136800 0.140571
3 0.140571 0.138430
4 0.138330 0.138589
5 0.138589 0.138950
6 0.138930 0.138500
7 0.138510 0.141100
8 0.141238 0.151875
9 0.151667 0.150539
10 0.150539 0.154000
11 0.154000 0.152500
12 0.152500 0.144700
13 0.144700 0.142087
14 0.142087 0.144000
15 0.144000 0.144400
16 0.144950 0.144300
17 0.144300 0.143016
18 0.143000 0.143110
19 0.143500 0.142600
20 0.143000 0.143500
21 0.143499 0.146200
22 0.146105 0.144000
23 0.143220 0.144262
0 0.144262 0.142086
1 0.143000 0.143190
2 0.143400 0.147298
3 0.145921 0.149000
4 0.149000 0.149222
5 0.148553 0.148612
6 0.148354 0.150240
7 0.150000 0.149200
8 0.149200 0.146795
9 0.147099 0.146500
10 0.146500 0.146000
11 0.146000 0.145000
12 0.144029 0.145711
13 0.145711 0.141000
14 0.140507 0.139431
15 0.139624 0.140500
16 0.140554 0.140505
17 0.140959 0.139990
18 0.139500 0.138258
19 0.138258 0.138000
20 0.138000 0.139030
21 0.139030 0.139700
22 0.139600 0.140850
23 0.140990 0.140300
0 0.140300 0.139132
1 0.139300 0.139000
2 0.139000 0.137777
3 0.137954 0.138248
4 0.138500 0.137600
5 0.138400 0.139142
6 0.139142 0.138540
7 0.138540 0.139077
8 0.139077 0.137550
9 0.137550 0.138535
10 0.137800 0.136835
11 0.137370 0.136648
12 0.136648 0.138000
13 0.137400 0.136820
14 0.136705 0.137200
15 0.137200 0.136600
16 0.136816 0.136000
17 0.136000 0.136300
18 0.136300 0.135503
19 0.135995 0.135455
20 0.135425 0.136400
21 0.136642 0.137100
22 0.136400 0.137000
23 0.137000 0.135290
0 0.135300 0.135010
1 0.135010 0.135900
2 0.135900 0.134000
3 0.134000 0.134500
4 0.134460 0.132420
5 0.132100 0.132210
6 0.132210 0.131921
7 0.131921 0.133755
8 0.134920 0.134300
9 0.134300 0.132355
10 0.133328 0.132700
11 0.132700 0.133550
12 0.133600 0.133000
13 0.132500 0.133000
14 0.133000 0.133000
15 0.133000 0.133387
16 0.133388 0.133798
17 0.133798 0.134790
18 0.134795 0.133000
19 0.133000 0.131909
20 0.131909 0.131786
21 0.131010 0.131900
22 0.131900 0.131993
23 0.131900 0.132561
0 0.132628 0.133400
1 0.133400 0.133476
2 0.133390 0.134595
3 0.134595 0.135866
4 0.135300 0.135699
5 0.134606 0.133995
6 0.132530 0.135335
7 0.134200 0.134710
8 0.134710 0.135130
9 0.135500 0.133779
10 0.133655 0.133955
11 0.133500 0.133510
12 0.134546 0.133300
13 0.133300 0.132378
14 0.132500 0.133048
15 0.133048 0.132300
16 0.132300 0.132340
17 0.132105 0.132946
18 0.132946 0.132585
19 0.132351 0.132455
20 0.132455 0.131666
21 0.131666 0.132600
22 0.132700 0.131678
23 0.131678 0.131684
0 0.131684 0.130609
1 0.130609 0.131000
2 0.131000 0.130100
3 0.130100 0.131370
4 0.131370 0.131501
5 0.131501 0.131790
6 0.131790 0.132120
7 0.132120 0.132264
8 0.132264 0.131100
9 0.131100 0.131200
10 0.131200 0.130700
11 0.130700 0.130750
12 0.130702 0.130594
13 0.130594 0.130750
14 0.130750 0.130200
15 0.130200 0.130106
16 0.130126 0.130500
17 0.130500 0.131500
18 0.131420 0.129695
19 0.129540 0.130000
20 0.129500 0.129105
21 0.129105 0.128902
22 0.128901 0.129180
23 0.129180 0.129160
0 0.129795 0.129195
1 0.129195 0.129073
2 0.129073 0.128000
3 0.128500 0.126800
4 0.126800 0.127708
5 0.128451 0.127505
6 0.127505 0.128798
7 0.128598 0.129000
8 0.129000 0.128335
9 0.128500 0.127834
10 0.127829 0.126900
11 0.126900 0.125122
12 0.125122 0.126600
13 0.126548 0.126250
14 0.126250 0.126200
15 0.126200 0.132570
16 0.132500 0.133000
17 0.133000 0.131650
18 0.131650 0.129510
19 0.129510 0.129400
20 0.129400 0.129847
21 0.129545 0.131700
22 0.131000 0.132400
23 0.132400 0.130899
0 0.130899 0.131777
1 0.131769 0.131120
2 0.131125 0.131256
3 0.131256 0.128794
4 0.128942 0.128500
5 0.128500 0.128800
6 0.128700 0.129491
7 0.129491 0.127800
8 0.128400 0.129402
9 0.128705 0.128945
10 0.128285 0.128889
11 0.128889 0.122450
12 0.122440 0.123998
13 0.123998 0.123948
14 0.123705 0.126000
15 0.126000 0.124190
16 0.124190 0.122815
17 0.122649 0.124460
18 0.123764 0.123458
19 0.123166 0.123001
20 0.123002 0.122169
21 0.122459 0.123214
22 0.123214 0.122005
23 0.122010 0.120100
0 0.120100 0.118445
1 0.118440 0.120500
2 0.120500 0.124295
3 0.124295 0.124965
4 0.124965 0.122600
5 0.122600 0.122023
6 0.122023 0.119515
7 0.119720 0.119790
8 0.119000 0.115669
9 0.115785 0.109617
10 0.109617 0.106885
11 0.106880 0.105500
12 0.105540 0.118580
13 0.118580 0.115801
14 0.115916 0.117373
15 0.117373 0.118690
16 0.118670 0.115770
17 0.115770 0.115670
18 0.115665 0.115055
19 0.115055 0.117000
20 0.117000 0.117195
21 0.117300 0.118199
22 0.117515 0.114856
23 0.114856 0.116115
0 0.116115 0.116415
1 0.116415 0.116580
2 0.116820 0.117300
3 0.117400 0.118095
4 0.118000 0.118605
5 0.119330 0.120500
6 0.120500 0.120000
7 0.119500 0.119700
8 0.119700 0.119900
9 0.119900 0.118536
10 0.118990 0.116740
11 0.117887 0.119490
12 0.119500 0.119950
13 0.119850 0.118920
14 0.118915 0.117875
15 0.117000 0.118839
16 0.118839 0.117105
17 0.117789 0.116795
18 0.116795 0.117500
19 0.117489 0.116610
20 0.116865 0.117671
21 0.117083 0.117600
22 0.117007 0.120120
23 0.120120 0.120050
0 0.120157 0.119600
1 0.120635 0.120210
2 0.120900 0.121000
3 0.121000 0.120000
4 0.120420 0.119500
5 0.119397 0.118590
6 0.118590 0.119038
7 0.118970 0.118500
8 0.118000 0.118220
9 0.117665 0.118320
10 0.118320 0.118720
11 0.118720 0.119021
12 0.119016 0.119180
13 0.119180 0.119640
14 0.119900 0.119930
15 0.119910 0.119200
16 0.119200 0.119440
17 0.119440 0.119863
18 0.119756 0.120404
19 0.120404 0.119620
20 0.119761 0.120560
21 0.120500 0.119905
22 0.119905 0.119461
23 0.119800 0.119500
0 0.119500 0.120050
1 0.120053 0.119601
2 0.119601 0.120120
3 0.120640 0.120200
4 0.120595 0.120070
5 0.119602 0.120270
6 0.120265 0.120702
7 0.120702 0.123747
8 0.123747 0.121475
9 0.121475 0.121000
10 0.121000 0.122032
11 0.122032 0.119400
12 0.119400 0.120000
13 0.120000 0.119150
14 0.119995 0.117905
15 0.118494 0.118810
16 0.118878 0.118121
17 0.118121 0.118005
18 0.118005 0.118689
19 0.118684 0.117090
20 0.117500 0.118010
21 0.118100 0.118473
22 0.118473 0.118995
23 0.118995 0.119595
0 0.119595 0.120495
1 0.120485 0.119220
2 0.119220 0.119925
3 0.118979 0.120625
4 0.120495 0.120474
5 0.120479 0.118511
6 0.118511 0.118515
7 0.118515 0.119000
8 0.118420 0.119000
9 0.119000 0.118385
10 0.118385 0.118700
11 0.118700 0.118460
12 0.118750 0.118700
13 0.118700 0.119240
14 0.119240 0.121155
15 0.121155 0.123399
16 0.123399 0.122945
17 0.122940 0.126305
18 0.126305 0.127395
19 0.127395 0.133000
20 0.133000 0.133926
21 0.133900 0.135460
22 0.135500 0.135944
23 0.135633 0.135803
0 0.135803 0.133795
1 0.133880 0.131605
2 0.131605 0.131800
3 0.131800 0.127700
4 0.127700 0.128704
5 0.128704 0.130410
6 0.130650 0.130025
7 0.130035 0.130916
8 0.130900 0.126300
9 0.126300 0.126462
10 0.126400 0.124800
11 0.124300 0.123384
12 0.123384 0.125250
13 0.124500 0.124743
14 0.124743 0.125900
15 0.125800 0.125400
16 0.125275 0.124762
17 0.124762 0.125000
18 0.125294 0.124000
19 0.124538 0.125000
20 0.125000 0.124480
21 0.124470 0.123057
22 0.123057 0.123201
23 0.123201 0.123628
0 0.123628 0.122995
1 0.122995 0.122985
2 0.122980 0.123020
3 0.123378 0.122945
4 0.122945 0.122198
5 0.121364 0.122515
6 0.122515 0.122440
7 0.122440 0.121895
8 0.121895 0.121005
9 0.121005 0.121135
10 0.121499 0.122344
11 0.122344 0.121185
12 0.122000 0.122575
13 0.122268 0.122800
14 0.123000 0.122253
15 0.122001 0.119101
16 0.119200 0.119400
17 0.119400 0.119245
18 0.119245 0.118200
19 0.118200 0.116500
20 0.116421 0.117269
21 0.117269 0.116604
22 0.116600 0.116883
23 0.116800 0.116000
0 0.116000 0.116213
1 0.116214 0.115800
2 0.115800 0.116123
3 0.116123 0.115899
4 0.115899 0.115685
5 0.115660 0.115905
6 0.115900 0.116217
7 0.116217 0.115100
8 0.115100 0.115200
9 0.115200 0.114885
10 0.114100 0.114050
11 0.114050 0.113057
12 0.113057 0.113000
13 0.113884 0.114500
14 0.114040 0.113715
15 0.113800 0.113000
16 0.112999 0.113408
17 0.113005 0.113600
18 0.113600 0.113770
19 0.113770 0.114400
20 0.113550 0.112716
21 0.112683 0.112640
22 0.112640 0.113500
23 0.113845 0.113110
0 0.113140 0.113700
1 0.113014 0.113600
2 0.113500 0.113500
3 0.113200 0.112799
4 0.112799 0.112550
5 0.113300 0.113220
6 0.113000 0.112860
7 0.112860 0.112800
8 0.112810 0.113200
9 0.113200 0.113390
10 0.113375 0.114674
11 0.114674 0.114500
12 0.114500 0.114000
13 0.114000 0.113653
14 0.113653 0.113035
15 0.113035 0.113300
16 0.113000 0.113276
17 0.113200 0.113500
18 0.113250 0.113020
19 0.113020 0.113050
20 0.113050 0.113600
21 0.113594 0.113000
22 0.113000 0.113500
23 0.113500 0.113515
0 0.113800 0.113670
1 0.113670 0.114050
2 0.114050 0.114770
3 0.114529 0.114611
4 0.114611 0.114818
5 0.114818 0.114544
6 0.114780 0.114936
7 0.114936 0.114220
8 0.114500 0.114296
9 0.114296 0.114215
10 0.114305 0.114015
11 0.114035 0.114300
12 0.114300 0.114290
13 0.114000 0.113710
14 0.113900 0.114400
15 0.114400 0.114700
16 0.114800 0.114182
17 0.114182 0.114110
18 0.114500 0.114816
19 0.114931 0.115677
20 0.115508 0.115329
21 0.114800 0.115347
22 0.115395 0.115880
23 0.115879 0.114600
0 0.114600 0.114606
1 0.114606 0.114899
2 0.114891 0.113800
3 0.113800 0.113699
4 0.113700 0.113400
5 0.113400 0.113105
6 0.113105 0.113000
7 0.112235 0.112640
8 0.112640 0.113579
9 0.113579 0.113700
10 0.114132 0.116399
11 0.116250 0.116935
12 0.116935 0.117200
13 0.117398 0.117211
14 0.117221 0.115100
15 0.115110 0.115177
16 0.115176 0.115400
17 0.115400 0.114800
18 0.114800 0.115000
19 0.115000 0.114501
20 0.114501 0.114502
21 0.114502 0.114710
22 0.114600 0.115100
23 0.115200 0.114360
0 0.114370 0.115200
1 0.115200 0.115183
2 0.115183 0.117245
3 0.117245 0.116366
4 0.116500 0.117141
5 0.117000 0.116200
6 0.117113 0.116700
7 0.116425 0.116600
8 0.116600 0.116700
9 0.116700 0.116334
10 0.116334 0.115825
11 0.115825 0.115591
12 0.115601 0.115680
13 0.115680 0.115635
14 0.115600 0.115300
15 0.115210 0.115535
16 0.115510 0.115168
17 0.115168 0.115200
18 0.115305 0.115390
19 0.115390 0.115666
20 0.115666 0.115000
21 0.114960 0.115060
22 0.115055 0.115832
23 0.115827 0.115740
0 0.115836 0.114700
1 0.114710 0.114810
2 0.114950 0.114255
3 0.114255 0.113500
4 0.113500 0.112804
5 0.113000 0.112770
6 0.112790 0.113300
7 0.113300 0.113250
8 0.113250 0.113000
9 0.112994 0.112598
10 0.112533 0.112475
11 0.112473 0.113000
12 0.113000 0.112505
13 0.112505 0.112200
14 0.112200 0.111640
15 0.111640 0.111950
16 0.111950 0.111155
17 0.111142 0.111641
18 0.111641 0.110813
19 0.110813 0.110702
20 0.110702 0.111471
21 0.111400 0.110500
22 0.110500 0.110005
23 0.110000 0.110290
0 0.110380 0.110695
1 0.110695 0.110200
2 0.110200 0.110420
3 0.110350 0.109950
4 0.109382 0.109509
5 0.109509 0.111280
6 0.111264 0.109875
7 0.109875 0.109108
8 0.108918 0.108500
9 0.109000 0.108102
10 0.108200 0.106694
11 0.106694 0.106200
12 0.106400 0.107700
13 0.108000 0.108315
14 0.108315 0.115425
15 0.116100 0.115000
16 0.115000 0.114107
17 0.114107 0.112620
18 0.112620 0.111100
19 0.111112 0.109995
20 0.109995 0.109083
21 0.109099 0.109440
22 0.110000 0.109750
23 0.109767 0.109240
0 0.109240 0.108495
1 0.108266 0.108863
2 0.109485 0.109116
3 0.109171 0.108327
4 0.108327 0.107498
5 0.107498 0.107161
6 0.106598 0.106925
7 0.106925 0.106900
8 0.106900 0.107000
9 0.106950 0.107200
10 0.106711 0.106710
11 0.106700 0.105550
12 0.105550 0.106151
13 0.106151 0.105987
14 0.105987 0.105890
15 0.105890 0.106000
16 0.106000 0.105800
17 0.105531 0.106001
18 0.106000 0.106160
19 0.106175 0.105599
20 0.105599 0.105200
21 0.105197 0.105500
22 0.105919 0.106470
23 0.106470 0.105347
0 0.105710 0.104966
1 0.104981 0.104915
2 0.104920 0.105119
3 0.105100 0.105695
4 0.105695 0.105495
5 0.105495 0.104995
6 0.104841 0.104190
7 0.104080 0.103571
8 0.103571 0.103000
9 0.103000 0.103030
10 0.103040 0.103701
11 0.103700 0.102800
12 0.102800 0.103000
13 0.103000 0.103260
14 0.103260 0.103010
15 0.103020 0.102700
16 0.102700 0.103000
17 0.102600 0.102980
18 0.102980 0.102500
19 0.102538 0.102209
20 0.102209 0.100900
21 0.100900 0.100985
22 0.100908 0.100617
23 0.100520 0.099423
0 0.099600 0.100865
1 0.100865 0.099516
2 0.099990 0.100530
3 0.100520 0.100289
4 0.099640 0.099995
5 0.099990 0.099040
6 0.099041 0.099401
7 0.099401 0.099786
8 0.099487 0.098854
9 0.098854 0.099513
10 0.099518 0.099470
11 0.099220 0.098300
12 0.098266 0.098459
13 0.098459 0.098000
14 0.098000 0.098196
15 0.098196 0.097154
16 0.097154 0.098886
17 0.098886 0.098194
18 0.097899 0.097800
19 0.097980 0.097258
20 0.097500 0.097294
21 0.096802 0.096187
22 0.096500 0.095693
23 0.095354 0.094630
0 0.094629 0.095358
1 0.095358 0.096220
2 0.096260 0.094634
3 0.094634 0.095700
4 0.095850 0.094740
5 0.094745 0.093299
6 0.093299 0.094000
7 0.094005 0.093760
8 0.093700 0.093595
9 0.093314 0.092839
10 0.092839 0.093848
11 0.093848 0.096520
12 0.096520 0.096823
13 0.096823 0.096540
14 0.096382 0.096298
15 0.096298 0.095693
16 0.095620 0.094200
17 0.093917 0.094065
18 0.093672 0.093397
19 0.093713 0.093518
20 0.094014 0.094049
21 0.094049 0.094180
22 0.094180 0.094332
23 0.094332 0.096154
0 0.095387 0.094200
1 0.094908 0.094575
2 0.094516 0.093800
3 0.093822 0.094359
4 0.094798 0.094347
5 0.094347 0.095229
6 0.095229 0.094800
7 0.094884 0.094000
8 0.094000 0.094145
9 0.094140 0.094145
10 0.093555 0.093672
11 0.093047 0.093340
12 0.093013 0.093850
13 0.093850 0.093172
14 0.093000 0.092416
15 0.092421 0.092727
16 0.092727 0.092770
17 0.092770 0.092600
18 0.092498 0.092882
19 0.092587 0.093126
20 0.093161 0.092678
21 0.092637 0.093477
22 0.093477 0.093530
23 0.093530 0.093436
0 0.093436 0.092887
1 0.092887 0.093224
2 0.093018 0.093100
3 0.093100 0.093422
4 0.093422 0.092441
5 0.092911 0.092250
6 0.092250 0.091953
7 0.091800 0.091670
8 0.091505 0.092324
9 0.092324 0.092900
10 0.092900 0.091546
11 0.091900 0.091800
12 0.091800 0.091850
13 0.091850 0.089462
14 0.089725 0.087199
15 0.087200 0.087994
16 0.087994 0.087105
17 0.087037 0.085585
18 0.085585 0.084995
19 0.084995 0.085965
20 0.085700 0.083800
21 0.083800 0.084470
22 0.084450 0.084147
23 0.083726 0.084500
0 0.084450 0.083270
1 0.083059 0.084290
2 0.084088 0.083250
3 0.083250 0.083800
4 0.083850 0.083810
5 0.083810 0.083421
6 0.083513 0.084350
7 0.084111 0.083795
8 0.083795 0.083335
9 0.083500 0.083000
10 0.083000 0.085360
11 0.085360 0.085520
12 0.085545 0.085000
13 0.084855 0.083283
14 0.083400 0.083000
15 0.082920 0.082750
16 0.082750 0.083088
17 0.083086 0.081854
18 0.082095 0.081110
19 0.081110 0.081514
20 0.081200 0.081345
21 0.081345 0.081595
22 0.081600 0.081995
23 0.082000 0.081844
0 0.082309 0.082379
1 0.082248 0.082300
2 0.082300 0.083900
3 0.083748 0.083900
4 0.083900 0.085499
5 0.085575 0.084790
6 0.084790 0.083153
7 0.083165 0.083243
8 0.083269 0.083955
9 0.083955 0.083801
10 0.083801 0.083416
11 0.083505 0.083929
12 0.083929 0.083820
13 0.084290 0.084370
14 0.084370 0.085000
15 0.085000 0.084053
16 0.084053 0.084217
17 0.084217 0.084820
18 0.084888 0.085000
19 0.085000 0.085110
20 0.085210 0.085295
21 0.085295 0.085148
22 0.084880 0.083636
23 0.083521 0.083100
0 0.083120 0.082780
1 0.083490 0.083139
2 0.083139 0.083400
3 0.083400 0.083490
4 0.083250 0.083060
5 0.083060 0.082800
6 0.082790 0.083206
7 0.083206 0.083350
8 0.082930 0.083159
9 0.083000 0.082900
10 0.082900 0.082872
11 0.083001 0.083290
12 0.083040 0.082638
13 0.082904 0.081509
14 0.082640 0.082500
15 0.082221 0.082029
16 0.082124 0.082196
17 0.082015 0.081995
18 0.082000 0.081995
19 0.081803 0.081627
20 0.081627 0.081697
21 0.081800 0.081999
22 0.081999 0.081990
23 0.081800 0.081275
0 0.081275 0.081433
1 0.081428 0.081250
2 0.080878 0.081243
3 0.081243 0.081445
4 0.081165 0.081585
5 0.081340 0.081110
6 0.081590 0.081326
7 0.080708 0.081095
8 0.081085 0.081031
9 0.081031 0.081000
10 0.081000 0.080760
11 0.080760 0.080100
12 0.080400 0.079275
13 0.079720 0.079365
14 0.079365 0.079230
15 0.079230 0.078359
16 0.078270 0.077674
17 0.077674 0.077769
18 0.077700 0.078125
19 0.078125 0.077351
20 0.077371 0.076264
21 0.076264 0.075030
22 0.075030 0.073993
23 0.073400 0.074602
0 0.074602 0.073998
1 0.073998 0.074000
2 0.074000 0.072880
3 0.073540 0.073229
4 0.073229 0.072900
5 0.072900 0.071980
6 0.071990 0.072498
7 0.072500 0.072573
8 0.072573 0.073939
9 0.073939 0.072718
10 0.072733 0.072800
11 0.072800 0.072400
12 0.072410 0.073066
13 0.072500 0.072227
14 0.072485 0.070332
15 0.070300 0.070080
16 0.070080 0.066930
17 0.066930 0.066241
18 0.066226 0.061891
19 0.061896 0.059280
20 0.059280 0.061601
21 0.061905 0.062871
22 0.062871 0.063663
23 0.063663 0.065162
0 0.065172 0.064621
1 0.064990 0.068340
2 0.068340 0.072985
3 0.072883 0.070907
4 0.070907 0.067595
5 0.067426 0.069528
6 0.069558 0.068760
7 0.068760 0.069354
8 0.069500 0.068624
9 0.068624 0.068595
10 0.068595 0.068000
11 0.068300 0.067156
12 0.067156 0.067131
13 0.067131 0.066000
14 0.065588 0.065255
15 0.065516 0.066426
16 0.066305 0.064931
17 0.064649 0.063366
18 0.063379 0.064215
19 0.064250 0.064700
20 0.064700 0.064500
21 0.064442 0.066500
22 0.066500 0.067500
23 0.067100 0.066700
0 0.066781 0.066310
1 0.066310 0.066700
2 0.066700 0.065740
3 0.065531 0.066475
4 0.066475 0.066251
5 0.066246 0.066275
6 0.066275 0.067179
7 0.067179 0.065981
8 0.066000 0.066346
9 0.066044 0.065645
10 0.065645 0.064995
11 0.064995 0.065212
12 0.065375 0.065250
13 0.065220 0.065380
14 0.065380 0.064935
15 0.064935 0.064788
16 0.064890 0.064300
17 0.064300 0.064739
18 0.064739 0.064685
19 0.064685 0.064105
20 0.064384 0.064883
21 0.064876 0.064800
22 0.064805 0.064802
23 0.064802 0.065167
0 0.065167 0.064898
1 0.064888 0.064523
2 0.064478 0.063975
3 0.063940 0.064215
4 0.064200 0.064904
5 0.064850 0.063900
6 0.063899 0.063630
7 0.063630 0.062001
8 0.062001 0.061306
9 0.061460 0.061000
10 0.061000 0.062169
11 0.062204 0.061989
12 0.062660 0.063010
13 0.063005 0.062654
14 0.062754 0.061786
15 0.061763 0.059764
16 0.059764 0.059181
17 0.059200 0.059041
18 0.059041 0.058100
19 0.058096 0.058000
20 0.058000 0.058806
21 0.058822 0.059310
22 0.059310 0.058850
23 0.058830 0.057300
0 0.057300 0.056503
1 0.056507 0.056161
2 0.056161 0.053979
3 0.053979 0.052936
4 0.053400 0.052520
5 0.052520 0.054540
6 0.054540 0.055436
7 0.055440 0.055305
8 0.055305 0.054240
9 0.054010 0.053950
10 0.053775 0.055410
11 0.055410 0.055910
12 0.055966 0.056100
13 0.056100 0.057245
14 0.057171 0.054845
15 0.054845 0.054770
16 0.054770 0.055270
17 0.055325 0.055115
18 0.055115 0.055277
19 0.055277 0.056070
20 0.056060 0.056060
21 0.056060 0.056292
22 0.056292 0.056900
23 0.056850 0.056695
0 0.056695 0.057889
1 0.057834 0.057211
2 0.057250 0.056870
3 0.056705 0.057035
4 0.057070 0.057290
5 0.057217 0.057250
6 0.057195 0.056935
7 0.056935 0.056881
8 0.056875 0.056635
9 0.056635 0.056673
10 0.056673 0.056100
11 0.056086 0.055350
12 0.055350 0.055800
13 0.055830 0.055941
14 0.055941 0.055150
15 0.055150 0.055530
16 0.055530 0.055842
17 0.055900 0.055250
18 0.055139 0.055985
19 0.055985 0.056802
20 0.056802 0.056200
21 0.056200 0.055623
22 0.056059 0.055655
23 0.055655 0.055124
0 0.055149 0.055520
1 0.055479 0.054826
2 0.054765 0.054456
3 0.054520 0.055240
4 0.055553 0.055459
5 0.055043 0.055000
6 0.054846 0.055000
7 0.055280 0.054800
8 0.054900 0.055945
9 0.055820 0.055374
10 0.055430 0.056110
11 0.056007 0.056618
12 0.056618 0.056536
13 0.056536 0.056236
14 0.056236 0.056090
15 0.056090 0.056226
16 0.056031 0.056400
17 0.056400 0.056157
18 0.056090 0.056200
19 0.056200 0.056087
20 0.056087 0.056590
21 0.056596 0.056216
22 0.056153 0.055420
23 0.055420 0.055402
0 0.055402 0.055246
1 0.055246 0.055968
2 0.055770 0.056000
3 0.056121 0.055929
4 0.055810 0.055800
5 0.055800 0.055424
6 0.055665 0.055585
7 0.055363 0.055700
8 0.055500 0.055361
9 0.055361 0.055275
10 0.055275 0.055216
11 0.055216 0.055270
12 0.055450 0.055440
13 0.055440 0.055211
14 0.055211 0.055380
15 0.055380 0.055500
16 0.055500 0.055108
17 0.055469 0.055284
18 0.055480 0.055300
19 0.055425 0.054543
20 0.055000 0.054653
21 0.054798 0.054916
22 0.054471 0.054910
23 0.054896 0.054467
0 0.054467 0.054850
1 0.054850 0.055352
2 0.055200 0.054777
3 0.054783 0.055000
4 0.055000 0.054610
5 0.054610 0.054973
6 0.054973 0.060020
7 0.060020 0.063300
8 0.063300 0.063200
9 0.063564 0.061800
10 0.061800 0.064000
11 0.064748 0.068215
12 0.068215 0.066710
13 0.067230 0.063907
14 0.063912 0.065987
15 0.065987 0.064618
16 0.064618 0.064220
17 0.064100 0.062418
18 0.062693 0.063700
19 0.063715 0.063626
20 0.063626 0.065168
21 0.065168 0.066500
22 0.066501 0.069060
23 0.069060 0.066000
0 0.065907 0.067119
1 0.067137 0.067075
2 0.067075 0.065753
3 0.065786 0.065373
4 0.065350 0.065701
5 0.065701 0.067500
6 0.067495 0.067500
7 0.067500 0.062829
8 0.062667 0.062610
9 0.062805 0.062600
10 0.062271 0.062700
11 0.062700 0.061828
12 0.061700 0.061615
13 0.061615 0.060381
14 0.060600 0.060350
15 0.060555 0.060776
16 0.060837 0.059845
17 0.059805 0.059259
18 0.059456 0.059394
19 0.059822 0.060326
20 0.059827 0.060052
21 0.060173 0.060834
22 0.060834 0.061055
23 0.061055 0.060845
0 0.060830 0.060710
1 0.060935 0.058104
2 0.058104 0.058897
3 0.059059 0.058835
4 0.058835 0.058815
5 0.058835 0.058534
6 0.058484 0.058060
7 0.058500 0.058515
8 0.058500 0.057918
9 0.057740 0.058237
10 0.058237 0.059040
11 0.059040 0.058891
12 0.059068 0.059100
13 0.058822 0.058360
14 0.058340 0.058000
15 0.058000 0.057588
16 0.057507 0.057620
17 0.057890 0.058170
18 0.058170 0.058000
19 0.058000 0.058455
20 0.058455 0.057590
21 0.057600 0.057501
22 0.057501 0.058002
23 0.057985 0.058000
0 0.058000 0.058031
1 0.058031 0.058530
2 0.058301 0.058312
3 0.058312 0.058078
4 0.058134 0.057959
5 0.057968 0.058020
6 0.058020 0.058038
7 0.057666 0.057544
8 0.057603 0.057310
9 0.057310 0.057324
10 0.057400 0.057345
11 0.057466 0.057135
12 0.057135 0.057500
13 0.057500 0.058135
14 0.058130 0.055715
15 0.055740 0.055195
16 0.055195 0.054875
17 0.054876 0.055005
18 0.055005 0.055155
19 0.055135 0.054576
20 0.054501 0.054854
21 0.054854 0.055005
22 0.055005 0.055115
23 0.055115 0.054560
0 0.054500 0.053950
1 0.053950 0.053000
2 0.053147 0.052944
3 0.053235 0.052692
4 0.052692 0.052505
5 0.052515 0.052468
6 0.052468 0.053606
7 0.053606 0.052780
8 0.052832 0.052782
9 0.052822 0.053006
10 0.053006 0.052770
11 0.052770 0.052316
12 0.052316 0.052045
13 0.052395 0.052180
14 0.052180 0.052396
15 0.052300 0.051880
16 0.051880 0.051800
17 0.051801 0.053320
18 0.053320 0.052800
19 0.052800 0.052940
20 0.052931 0.052891
21 0.052896 0.053307
22 0.053319 0.052701
23 0.053210 0.053700
0 0.053700 0.053556
1 0.053556 0.056878
2 0.056878 0.058000
3 0.057937 0.057230
4 0.057312 0.059600
5 0.059599 0.058770
6 0.058440 0.057953
7 0.057953 0.055090
8 0.055090 0.054935
9 0.054935 0.055305
10 0.055428 0.056710
11 0.056985 0.056341
12 0.056341 0.056789
13 0.056789 0.057339
14 0.057349 0.055864
15 0.055966 0.056003
16 0.056000 0.056001
17 0.056001 0.056135
18 0.056140 0.056200
19 0.056190 0.056301
20 0.056301 0.056047
21 0.055932 0.056300
22 0.055878 0.056000
23 0.055760 0.054623
0 0.054623 0.054592
1 0.054592 0.054010
2 0.054010 0.054222
3 0.054227 0.055000
4 0.055000 0.054855
5 0.054780 0.054673
6 0.054537 0.054912
7 0.054912 0.054288
8 0.054308 0.054230
9 0.054230 0.054636
10 0.054410 0.054090
11 0.054095 0.054271
12 0.054435 0.054140
13 0.054140 0.053800
14 0.053900 0.053217
15 0.053469 0.053298
16 0.053298 0.052503
17 0.052503 0.052840
18 0.052800 0.052949
19 0.052949 0.052311
20 0.052311 0.053000
21 0.053000 0.051948
22 0.051948 0.051900
23 0.051900 0.051735
0 0.051580 0.051700
1 0.051700 0.056600
2 0.056600 0.056991
3 0.056991 0.056724
4 0.056724 0.058329
5 0.058329 0.057331
6 0.057331 0.056340
7 0.056340 0.056791
8 0.056791 0.058320
9 0.058320 0.058137
10 0.058144 0.058503
11 0.058020 0.058657
12 0.058657 0.059100
13 0.059100 0.058792
14 0.058847 0.059589
15 0.059589 0.059323
16 0.059324 0.057650
17 0.057650 0.057721
18 0.057716 0.057723
19 0.057950 0.057743
20 0.057743 0.058226
21 0.058348 0.058899
22 0.058959 0.058862
23 0.058902 0.058624
0 0.058624 0.058700
1 0.058700 0.058800
2 0.059000 0.059400
3 0.059400 0.059418
4 0.059428 0.059250
5 0.059300 0.059270
6 0.059270 0.059421
7 0.059421 0.059092
8 0.059345 0.058500
9 0.058500 0.057793
10 0.057966 0.058000
11 0.057622 0.058447
12 0.058350 0.058780
13 0.058777 0.059000
14 0.059000 0.058819
15 0.058819 0.058610
16 0.058641 0.058886
17 0.058886 0.058900
18 0.058915 0.058800
19 0.058932 0.058780
20 0.058500 0.058220
21 0.058220 0.057973
22 0.057977 0.057860
23 0.058195 0.057512
0 0.057511 0.057700
1 0.057790 0.057963
2 0.057963 0.058500
3 0.058111 0.057597
4 0.057731 0.057818
5 0.057808 0.058016
6 0.058016 0.057750
7 0.057984 0.057700
8 0.057760 0.057810
9 0.058000 0.058889
10 0.058791 0.060601
11 0.060601 0.058300
12 0.058250 0.057400
13 0.057487 0.057000
14 0.057173 0.056812
15 0.056583 0.056801
16 0.056801 0.056423
17 0.056423 0.056142
18 0.056142 0.057087
19 0.056560 0.057000
20 0.057156 0.056742
21 0.057100 0.057200
22 0.057200 0.056917
23 0.056917 0.056917
0 0.057000 0.056895
1 0.056863 0.057100
2 0.057100 0.057417
3 0.057417 0.057700
4 0.057700 0.058827
5 0.058827 0.059461
6 0.059461 0.059200
7 0.059200 0.060140
8 0.059500 0.060000
9 0.059850 0.059500
10 0.059500 0.062520
11 0.062520 0.062896
12 0.062896 0.062000
13 0.061850 0.061225
14 0.061230 0.060849
15 0.060825 0.061640
16 0.061643 0.062182
17 0.062182 0.061577
18 0.061423 0.061131
19 0.061131 0.062150
20 0.062140 0.062368
21 0.062368 0.062965
22 0.063000 0.063414
23 0.063414 0.063240
0 0.063240 0.063310
1 0.063180 0.063450
2 0.063450 0.064990
3 0.065003 0.066300
4 0.066400 0.065600
5 0.065600 0.065898
6 0.066084 0.066033
7 0.066033 0.066206
8 0.066206 0.067500
9 0.067331 0.067590
10 0.067590 0.069890
11 0.069890 0.067300
12 0.067300 0.066770
13 0.066770 0.065500
14 0.065500 0.065629
15 0.065700 0.065816
16 0.066000 0.065450
17 0.065450 0.066096
18 0.066100 0.067300
19 0.067300 0.066946
20 0.066946 0.068129
